4.899 0
4.89852 0.0682677
4.91209 0.13694
4.90971 0.205377
4.92234 0.274665
4.933 0.344276
4.92772 0.412984
4.95334 0.484728
4.96101 0.555375
4.95279 0.624453
4.95945 0.695632
4.96509 0.767118
4.96871 0.838728
4.98703 0.913471
4.98951 0.985979
4.99094 1.05873
5.00594 1.13503
5.00421 1.2082
5.01789 1.28576
5.01396 1.35949
4.88974 1.39924
4.85444 1.46262
4.8641 1.53978
4.87159 1.61718
4.86275 1.68984
4.88291 1.77348
4.74084 1.79704
4.59908 1.817
4.4725 1.83946
4.31772 1.84655
4.20566 1.86838
4.08023 1.88116
3.92641 1.87703
3.82997 1.89694
3.73376 1.91454
3.61043 1.9153
3.54218 1.94282
3.43298 1.94565
3.35203 1.96198
3.2576 1.96816
3.16367 1.9721
3.08289 1.98193
3.00329 1.99044
2.92324 1.99657
2.85751 2.01064
2.7782 2.0133
2.71221 2.02371
2.64647 2.03268
2.56925 2.03091
2.51665 2.04696
2.45183 2.05166
2.38738 2.05497
2.3353 2.06749
2.27151 2.06819
2.20816 2.06752
2.15681 2.07659
2.10563 2.08463
2.05465 2.09166
2.0032 2.09695
1.95269 2.10194
1.90243 2.10595
1.85244 2.10896
1.80209 2.11024
1.76293 2.1236
1.7137 2.12384
1.67406 2.13492
1.62536 2.13338
1.58596 2.14296
1.53785 2.13968
1.49873 2.14778
1.46024 2.15604
1.41248 2.14944
1.37433 2.15626
1.33574 2.16159
1.28956 2.1534
1.2514 2.15732
1.22121 2.17455
1.18363 2.17818
1.14572 2.1803
1.10843 2.18268
1.07087 2.18355
1.03349 2.18379
0.996731 2.18434
0.966196 2.19801
0.929239 2.19653
0.89854 2.20926
0.861845 2.20667
0.82575 2.20442
0.789548 2.20065
0.758805 2.21144
0.727915 2.2218
0.692413 2.21741
0.661446 2.22684
0.626009 2.22044
0.595006 2.22895
0.563888 2.23702
0.53266 2.24467
0.497852 2.23625
0.466642 2.24297
0.43534 2.24926
0.40131 2.24034
0.370052 2.24572
0.338722 2.25065
0.307326 2.25516
0.27587 2.25922
0.244361 2.26284
0.212805 2.26603
0.181207 2.26877
0.149574 2.27108
0.117912 2.27294
0.0862268 2.27437
0.0545252 2.27535
0.0228129 2.27589
-0.008904 2.27598
-0.0408866 2.29064
-0.0728027 2.28984
-0.104705 2.28861
-0.13754 2.3029
-0.169618 2.30076
-0.201662 2.29817
-0.235288 2.31105
-0.26747 2.30755
-0.301535 2.31847
-0.333813 2.31405
-0.368532 2.32497
-0.400895 2.31961
-0.43318 2.3138
-0.471509 2.33793
-0.504042 2.33113
-0.540077 2.33947
-0.576202 2.34628
-0.608842 2.33803
-0.641363 2.32931
-0.682684 2.35088
-0.719761 2.35549
-0.752515 2.34523
-0.795004 2.3639
-0.827868 2.35259
-0.866092 2.35584
-0.904566 2.35848
-0.948847 2.37443
-0.987602 2.37483
-1.02695 2.37553
-1.06651 2.37558
-1.15229 2.38636
-1.19975 2.39869
-1.23996 2.39506
-1.28076 2.39165
-1.32898 2.4007
-1.33897 2.34115
-1.33994 2.26887
-1.33864 2.19619
-1.36113 2.16462
-1.40802 2.17145
-1.45537 2.1774
-1.49465 2.17008
-1.54268 2.17432
-1.60056 2.19057
-1.64957 2.19282
-1.69894 2.19413
-1.74929 2.19527
-1.80888 2.20625
-1.86975 2.21676
-1.93126 2.22599
-1.98273 2.22199
-2.04528 2.22878
-2.30126 2.43861
-2.31343 2.38406
-2.31323 2.31832
-2.32311 2.26422
-2.32032 2.1993
-2.32795 2.14574
-2.35763 2.11309
-2.44565 2.13128
-2.49876 2.11703
-2.50409 2.0623
-2.50838 2.00783
-2.51086 1.95303
-2.5131 1.89917
-2.52642 1.85449
-2.52678 1.80111
-2.5393 1.75719
-2.53697 1.7038
-2.53449 1.65135
-2.54458 1.60786
-2.55309 1.56389
-2.54798 1.51234
-2.55494 1.46871
-2.56117 1.42519
-2.56758 1.38225
-2.5724 1.33895
-2.57651 1.29578
-2.56643 1.24621
-2.56996 1.20396
-2.57191 1.16145
-2.57317 1.11912
-2.57468 1.07736
-2.5746 1.03541
-2.58878 0.999429
-2.58745 0.957703
-2.5864 0.916544
-2.59892 0.880413
-2.61094 0.844112
-2.60716 0.802937
-2.6037 0.762313
-2.61407 0.725956
-2.62393 0.689459
-2.61775 0.648977
-2.62654 0.612436
-2.63482 0.575776
-2.62691 0.535806
-2.63412 0.499148
-2.64082 0.462393
-2.64701 0.425548
-2.63784 0.386446
-2.64297 0.34965
-2.64759 0.312786
-2.65169 0.275862
-2.65528 0.238884
-2.65835 0.201859
-2.6609 0.164795
-2.66294 0.1277
-2.66446 0.0905791
-2.68046 0.053742
-2.66595 0.0162926
-2.68092 -0.0209767
-2.68037 -0.0583329
-2.69528 -0.0962494
-2.70966 -0.134593
-2.70752 -0.172339
-2.70486 -0.210051
-2.7166 -0.249093
-2.71287 -0.286925
-2.72449 -0.326605
-2.71968 -0.364539
-2.72917 -0.404602
-2.73906 -0.44516
-2.73259 -0.483286
-2.74131 -0.524324
-2.74843 -0.565496
-2.7559 -0.607183
-2.74718 -0.645528
-2.75344 -0.687624
-2.75809 -0.729763
-2.76306 -0.772434
-2.76642 -0.815102
-2.78536 -0.863044
-2.78732 -0.906413
-2.77442 -0.945166
-2.79018 -0.99414
-2.79106 -1.0385
-2.79123 -1.08309
-2.80461 -1.13349
-2.80237 -1.17828
-2.815 -1.23003
-2.82582 -1.28194
-2.82215 -1.32801
-2.81686 -1.37378
-2.82511 -1.42688
-2.81913 -1.47352
-2.8256 -1.5274
-2.82264 -1.62904
-2.81341 -1.67641
-2.82896 -1.73954
-2.83147 -1.79594
-2.87145 -1.87791
-2.8707 -1.93507
-2.88206 -2.0017
-2.89211 -2.06901
-2.88796 -2.1275
-2.89548 -2.19594
-2.90165 -2.26499
-2.90567 -2.33401
-1.80219 -1.48942
-1.75764 -1.49431
-1.73664 -1.51865
-1.69152 -1.52131
-1.67016 -1.54473
-1.6376 -1.55752
-1.6043 -1.569
-1.58228 -1.5912
-1.54952 -1.60232
-1.51608 -1.6121
-1.42937 -1.60739
-1.39637 -1.61505
-1.35378 -1.61062
-1.32108 -1.61694
-1.27914 -1.61091
-1.23763 -1.60404
-1.20557 -1.60833
-1.17362 -1.61203
-1.13315 -1.60292
-1.07972 -1.62139
-1.04834 -1.62284
-1.00917 -1.61102
-0.978318 -1.61125
-0.955771 -1.62472
-0.793948 -1.39372
-0.774449 -1.40465
-0.7548 -1.41531
-0.735004 -1.42569
-0.722199 -1.45011
-0.701922 -1.46004
-0.687818 -1.48328
-0.667081 -1.49272
-0.652539 -1.51657
-0.631343 -1.52552
-0.615935 -1.54904
-0.594289 -1.55747
-0.57768 -1.57969
-0.560896 -1.60269
-0.538509 -1.61035
-0.520574 -1.63198
-0.497782 -1.63908
-0.479328 -1.66123
-0.460354 -1.68318
-0.440609 -1.70396
-0.420611 -1.72547
-0.396526 -1.73117
-0.382217 -1.78248
-0.354205 -1.77194
-0.326743 -1.76196
-0.299461 -1.75057
-0.27256 -1.73877
-0.248304 -1.7424
-0.22209 -1.73081
-0.197949 -1.73374
-0.170585 -1.70449
-0.146816 -1.7067
-0.123018 -1.70858
-0.0983287 -1.69515
-0.0739932 -1.68037
-0.0505706 -1.68124
-0.0271374 -1.68178
-0.003666 -1.667
0.0195641 -1.66689
0.0427905 -1.66645
0.0653742 -1.64971
0.0883566 -1.64863
0.110311 -1.63228
0.133046 -1.63058
0.154232 -1.61264
0.285484 -2.06839
0.312022 -2.04938
0.337921 -2.02905
0.369011 -2.03989
0.316502 -1.62038
0.345623 -1.64713
0.375331 -1.6724
0.3986 -1.66701
0.429419 -1.69134
0.457099 -1.70064
0.484848 -1.70854
0.517488 -1.73132
0.551154 -1.75447
0.575548 -1.74662
0.634517 -1.75906
0.664607 -1.76502
0.689138 -1.75559
0.713535 -1.74581
0.743661 -1.74951
0.767969 -1.73897
0.792127 -1.7281
0.823 -1.73135
0.847047 -1.71971
0.877743 -1.7211
0.901641 -1.7087
0.933028 -1.71002
0.964625 -1.71079
0.988372 -1.69718
1.01965 -1.6961
1.05162 -1.69532
1.07515 -1.6805
1.11553 -1.69123
1.13899 -1.67552
1.249 -1.73153
1.30104 -1.75169
1.34415 -1.75802
1.42665 -1.81299
1.48135 -1.82946
1.5163 -1.82016
1.61309 -1.88238
1.65967 -1.88298
1.72738 -1.9056
1.75377 -1.88135
1.82798 -1.85454
1.87571 -1.85065
1.92369 -1.8458
1.96092 -1.82973
2.00919 -1.82306
2.04639 -1.80547
2.09488 -1.79696
2.14353 -1.78745
2.19231 -1.77692
2.22943 -1.7561
2.24098 -1.71514
2.71841 -1.96287
2.77088 -1.9426
2.87539 -1.95668
2.96747 -1.9594
3.02059 -1.93458
3.11352 -1.93345
3.18043 -1.91411
3.96184 -2.3098
3.98058 -2.247
3.97026 -2.16878
4.01425 -2.12072
4.1957 -2.14233
4.11304 -2.02837
4.12736 -1.96441
4.40972 -2.02392
4.42286 -1.9558
4.44969 -1.89398
4.47565 -1.83179
4.33501 -1.63473
4.32822 -1.56363
4.39401 -1.51851
4.3853 -1.44742
4.37452 -1.37657
4.39328 -1.31547
4.39676 -1.25002
4.3983 -1.18447
4.15756 -1.05773
4.14175 -0.992466
4.16981 -0.937946
4.1678 -0.87666
4.17961 -0.818496
4.17487 -0.75732
4.18502 -0.699069
4.19435 -0.640683
4.83682 -0.669984
4.84568 -0.602518
4.85361 -0.534936
4.86059 -0.467249
4.86663 -0.399471
4.87173 -0.331615
4.87587 -0.263694
4.87908 -0.195725
4.88133 -0.127716
4.89863 -0.059877
